29.8208 0.646912 0.435242 0.0130005 0.0186157 0.00152588 0.000366211 0.000305176 0.000305176 0.000183105 0.000366211 0.000305176 0.000366211 0.000305176 0.000305176 0.000183105 0.000366211 0.000305176 0.000366211 0.000305176 0.000305176 0.000183105 0.000366211 0.000305176 
-6.10352e-05 15.8157 0.0622559 0.159424 0.0360718 0.000427246 -0.000915527 0.000183105 0.00012207 -0.000976563 -0.00158691 0.00012207 -0.000915527 0.000183105 0.00012207 -0.000976563 -0.00158691 0.00012207 -0.000915527 0.000183105 0.00012207 -0.000976563 -0.00158691 0.00012207 
-6.10352e-05 -0.00012207 2.59583 0.0917969 0.155273 0.00866699 0.000305176 -0.000732422 -0.000793457 -0.00115967 -0.00177002 -0.00115967 0.000305176 -0.000732422 -0.000793457 -0.00115967 -0.00177002 -0.00115967 0.000305176 -0.000732422 -0.000793457 -0.00115967 -0.00177002 -0.00115967 
-6.10352e-05 -0.00012207 0 1.73877 0.0303345 0.0319214 0.000427246 0.000427246 0.000244141 0.000427246 0.000183105 0.000427246 0.000427246 0.000427246 0.000244141 0.000427246 0.000183105 0.000427246 0.000427246 0.000427246 0.000244141 0.000427246 0.000183105 0.000427246 
-6.10352e-05 -6.10352e-05 -6.10352e-05 0 0.193481 0.0386353 0.00494385 0.00604248 0.000732422 0.00286865 0.000915527 0.00408936 0.00494385 0.00604248 0.000732422 0.00286865 0.000915527 0.00408936 0.00494385 0.00604248 0.000732422 0.00286865 0.000915527 0.00408936 
0 -6.10352e-05 -6.10352e-05 -6.10352e-05 -6.10352e-05 0.382813 0.00476074 0.00384521 0.00195313 0.00463867 0.00128174 0.00427246 0.00476074 0.00384521 0.00195313 0.00463867 0.00128174 0.00427246 0.00476074 0.00384521 0.00195313 0.00463867 0.00128174 0.00427246 
0.00115967 0 0 0.000427246 0.000854492 0.00158691 -0.0206299 -0.0032959 -0.00616455 0.000305176 -0.00567627 0.000732422 -0.00177002 -0.0032959 -0.00616455 0.000305176 -0.00567627 0.000732422 -0.00177002 -0.0032959 -0.00616455 0.000305176 -0.00567627 0.000732422 
-6.10352e-05 6.10352e-05 0.00128174 0.000610352 0.000793457 0.00109863 6.10352e-05 0.00616455 0.000427246 -0.000976563 0.00128174 0.00115967 6.10352e-05 0.000244141 0.000427246 -0.000976563 0.00128174 0.00115967 6.10352e-05 0.000244141 0.000427246 -0.000976563 0.00128174 0.00115967 
-6.10352e-05 -0.00012207 6.10352e-05 0.00213623 0.0020752 0.00183105 0 0.00140381 0.00335693 0.00341797 0.00738525 0.00164795 0.00402832 0.00128174 0.000915527 0.00341797 0.00738525 0.00164795 0.00402832 0.00128174 0.000915527 0.00341797 0.00738525 0.00164795 
-6.10352e-05 -0.00012207 0 6.10352e-05 0.00195313 0.00115967 -0.000183105 -0.00012207 -0.000244141 -0.00115967 -0.00012207 -6.10352e-05 -0.000305176 -0.000366211 6.10352e-05 -0.000427246 -0.00012207 -6.10352e-05 -0.000305176 -0.000366211 6.10352e-05 -0.000427246 -0.00012207 -6.10352e-05 
-6.10352e-05 -6.10352e-05 -6.10352e-05 0 6.10352e-05 0 -0.000305176 0 -0.00012207 -0.00012207 6.10352e-05 -6.10352e-05 -0.000305176 -6.10352e-05 -0.00012207 6.10352e-05 -0.000366211 -6.10352e-05 -0.000305176 -6.10352e-05 -0.00012207 6.10352e-05 -0.000366211 -6.10352e-05 
0 -6.10352e-05 -6.10352e-05 -6.10352e-05 -6.10352e-05 6.10352e-05 0 -6.10352e-05 -6.10352e-05 0 -6.10352e-05 -6.10352e-05 -0.000244141 -0.00012207 6.10352e-05 -0.000183105 -0.000244141 -6.10352e-05 -0.000244141 -0.00012207 6.10352e-05 -0.000183105 -0.000244141 -6.10352e-05 
6.10352e-05 0 0 0.00134277 0.000732422 0.000793457 0.000549316 0.00012207 0.00012207 0.000305176 6.10352e-05 0.000244141 0.000610352 6.10352e-05 -0.000305176 0.000183105 -0.000244141 0.000305176 0.00012207 6.10352e-05 -0.000305176 0.000183105 -0.000244141 0.000305176 
-6.10352e-05 0 0.00201416 0.00189209 0.00012207 0.00213623 0.000305176 0.000610352 0.000793457 0.00012207 0 0.00012207 0 0.000488281 6.10352e-05 6.10352e-05 0.000549316 0.000549316 0.000549316 0.000305176 6.10352e-05 6.10352e-05 0.000549316 0.000549316 
-6.10352e-05 -0.00012207 0 0.00201416 6.10352e-05 0.000366211 0 -0.000427246 -0.000549316 -0.000732422 -0.000976563 -0.00012207 -6.10352e-05 0 -0.000244141 -0.000427246 -0.000366211 -0.000854492 -0.000305176 -0.000305176 0.000427246 -0.000427246 -0.000366211 -0.000854492 
-6.10352e-05 -0.00012207 0 0 0.00201416 0.00177002 0.000366211 0.000244141 0.000427246 0.000427246 0.000305176 0.000244141 0.000610352 6.10352e-05 6.10352e-05 6.10352e-05 0.00012207 0.000671387 0.000732422 0.000610352 0.000305176 0.000610352 0.00012207 0.000671387 
-6.10352e-05 -6.10352e-05 -6.10352e-05 0 0 0 -0.000366211 0 0.00012207 6.10352e-05 -0.000427246 -0.000610352 6.10352e-05 -0.000427246 -0.000427246 -0.000427246 -0.000854492 -6.10352e-05 0 -0.00012207 -0.00012207 6.10352e-05 -0.000244141 -6.10352e-05 
0 -6.10352e-05 -6.10352e-05 -6.10352e-05 -6.10352e-05 0 0 -0.000427246 -0.000427246 0 -0.000610352 -0.000427246 0 0 -6.10352e-05 -6.10352e-05 -6.10352e-05 -0.000915527 -0.000915527 -0.000915527 -0.000793457 -0.000793457 -0.000549316 -0.000915527 
0 0 0 -6.10352e-05 0 6.10352e-05 0.000549316 0.000305176 0.000305176 0.000427246 6.10352e-05 0.000427246 0.000305176 0.000244141 0.000976563 0.000366211 0.00109863 0.000427246 0.00366211 -0.000244141 0.000549316 -0.000244141 0.000183105 -0.000488281 
-6.10352e-05 0 -6.10352e-05 -6.10352e-05 0 -6.10352e-05 6.10352e-05 0.000793457 -6.10352e-05 6.10352e-05 0.00012207 0.000244141 0 0.000976563 6.10352e-05 6.10352e-05 0.000671387 0.000671387 -6.10352e-05 0.00183105 -0.000183105 -0.000488281 0.000305176 6.10352e-05 
-6.10352e-05 -0.00012207 0 -6.10352e-05 0 0 0 0.0010376 0.000976563 0.000976563 0.00109863 0.00109863 0.00109863 0.00012207 0.00134277 0.000976563 0.000976563 0.0012207 6.10352e-05 0 0.00286865 0.000976563 -0.00012207 -6.10352e-05 
-6.10352e-05 -0.00012207 0 0 -6.10352e-05 -6.10352e-05 0.000305176 0.000183105 0.000305176 0.000671387 0.000305176 0.000183105 -6.10352e-05 0.000305176 0.000305176 -6.10352e-05 0.00012207 0.000183105 -6.10352e-05 6.10352e-05 0 0.00201416 -0.000244141 -6.10352e-05 
-6.10352e-05 -6.10352e-05 -6.10352e-05 0 0 0 0.00012207 0 0.00012207 0.000244141 0.00231934 0.00219727 0 6.10352e-05 6.10352e-05 6.10352e-05 0.00219727 0.00134277 0 0 6.10352e-05 0 0.00280762 0.000732422 
0 -6.10352e-05 -6.10352e-05 -6.10352e-05 -6.10352e-05 0 0 6.10352e-05 6.10352e-05 0 -0.000671387 -0.000732422 6.10352e-05 0 0.00109863 0.00109863 0.0010376 0.000305176 -6.10352e-05 0 -6.10352e-05 -6.10352e-05 -6.10352e-05 0.000793457 
